date time precip temp RH press wspd wdir gamma radon
2016-02-19 00:00:00 1.1 4.2 100 994.4 1.5 257 88 5.85
2016-02-19 03:00:00 0.2 4.3 100 994.4 1.7 255 94 5.44
2016-02-19 04:00:00 0 4.3 100 994.4 0.5 190 87 5.75
2016-02-19 05:00:00 0 4.1 100 994.6 0.8 44 76 5.98
2016-02-19 06:00:00 0 4.1 100 995.3 1.3 256 73 5.79
2016-02-19 07:00:00 0.1 4.2 100 996.1 2.1 222 70 6.32
2016-02-19 08:00:00 0.1 4.7 100 997 0.4 227 74 6.41
2016-02-19 09:00:00 0.5 5.1 100 997.6 1 102 76 5.78
2016-02-19 10:00:00 0.9 5.6 99 998.2 1.3 93 83 5.14
2016-02-19 11:00:00 0.6 5.9 100 998.7 1.2 84 89 4.47
2016-02-19 12:00:00 0 6.3 98 999.1 1.7 81 84 2.91
2016-02-19 13:00:00 0.1 6.9 89 999.4 1.9 91 79 2.54
2016-02-19 15:00:00 0 6.8 91 1000.1 1.6 79 66 3.85
2016-02-19 16:00:00 0.7 6.5 93 1000.6 1.5 69 69 1.86
2016-02-19 17:00:00 0 5.6 98 1001 2.1 64 89 1.47
2016-02-19 18:00:00 0 5.4 95 1001.7 1.9 89 81 2.21
2016-02-19 19:00:00 0 5.2 95 1002.3 1.5 76 77 1.66
2016-02-19 20:00:00 0.2 5.2 96 1002.6 1.1 115 67 1.45
2016-02-19 21:00:00 1 4.8 99 1003.3 1.1 283 80 1.05
2016-02-19 22:00:00 0.3 4.1 97 1003.5 1.1 204 94 0.917
2016-02-19 23:00:00 0.1 3.8 96 1003.3 0.1 74 101 0.69
2016-02-20 00:00:00 0.1 3.9 97 1003.5 2.4 314 88 0.899
2016-02-20 03:00:00 0 3.4 100 1004 0.9 267 69 1.59
2016-02-20 04:00:00 0 3.4 100 1004.3 1 278 64 1.95
2016-02-20 05:00:00 0 3.4 100 1004.8 0.4 242 65 2.07
2016-02-20 06:00:00 0 3.2 100 1005 1.3 229 62 1.8
2016-02-20 07:00:00 0 3.4 100 1005.7 0.4 201 63 1.94
2016-02-20 08:00:00 0 3.7 100 1006.3 0.3 350 62 2.28
2016-02-20 09:00:00 0 4.7 97 1007.1 1.1 237 60 2.27
2016-02-20 10:00:00 0 4.6 97 1007.6 1.9 232 63 1.96
2016-02-20 11:00:00 0 5.5 92 1007.6 1 254 60 1.68
2016-02-20 12:00:00 0 6.2 87 1007.5 0.2 15 62 1.51
2016-02-20 13:00:00 0 6.7 82 1007 0.9 216 62 1.55
2016-02-20 14:00:00 0 7.1 77 1006.4 2.1 251 62 1.26
2016-02-20 15:00:00 0 8.2 66 1005.6 3 227 63 0.453
2016-02-20 16:00:00 0 7.2 70 1005.2 2.1 210 60 0.413
2016-02-20 17:00:00 0 6.1 75 1004.9 0.5 198 60 0.473
2016-02-20 18:00:00 0 5 83 1004.5 0.4 47 59 0.744
2016-02-20 19:00:00 0 4.2 91 1004 0.6 294 62 1.27
2016-02-20 20:00:00 0 3.4 95 1003.7 1.1 277 63 1.66
2016-02-20 21:00:00 0 2.6 98 1003.2 0.2 52 61 1.8
2016-02-20 22:00:00 0 2.1 100 1002.8 1.2 288 61 1.69
2016-02-20 23:00:00 0 4.6 75 1001.8 2.4 282 60 1.07
2016-02-21 03:00:00 0 4.7 78 1000.5 2.8 286 61 0.733
2016-02-21 04:00:00 0 5 77 1000.8 2.5 280 58 0.756
2016-02-21 05:00:00 0 4.6 79 1000.2 1.9 285 60 0.616
2016-02-21 06:00:00 0 4.6 78 1000.2 1.8 277 63 0.639
2016-02-21 07:00:00 0 5.3 75 1000.3 3 250 63 0.616
2016-02-21 08:00:00 0 6.9 68 1000.4 3.5 259 64 0.788
2016-02-21 09:00:00 0 8 63 1000.6 4.5 253 61 0.811
2016-02-21 10:00:00 0 9.4 58 1000.8 4.5 250 67 0.77
2016-02-21 11:00:00 0 9.9 56 1000.8 4.8 241 63 0.853
2016-02-21 12:00:00 0 10.9 52 1000.1 4.7 266 65 1.27
2016-02-21 13:00:00 0 11.8 51 999.5 3.8 264 66 0.916
2016-02-21 14:00:00 0 12.6 49 998.8 4.5 268 62 0.863
2016-02-21 15:00:00 0 13 51 998.7 4.1 268 62 1.62
2016-02-21 16:00:00 0 13.5 49 998.7 4.2 268 63 1.46
2016-02-21 17:00:00 0 12.9 49 998.5 4.6 268 62 1.25
2016-02-21 18:00:00 0 11.8 53 998.7 4 246 64 1.68
2016-02-21 19:00:00 0 11.4 53 999 4.2 264 63 1.31
2016-02-21 20:00:00 0 10.5 58 999.5 3.7 253 64 1.93
2016-02-21 21:00:00 0 10.1 59 999.8 4.3 259 62 1.48
2016-02-21 22:00:00 0 9.5 63 1000 4.2 252 61 1.41
2016-02-21 23:00:00 0 9.4 66 1000.2 4.5 259 61 1.38
2016-02-22 00:00:00 0 9.2 69 999.9 4.1 261 62 1.38
2016-02-22 03:00:00 0 8 76 998.6 3.3 243 63 1.4
2016-02-22 04:00:00 0 7.1 81 998.4 3.2 236 66 1.81
2016-02-22 05:00:00 0 6.9 83 997.8 2.3 241 64 1.4
2016-02-22 06:00:00 0 6.9 84 997.5 3.8 233 63 1.77
2016-02-22 07:00:00 0 7 84 997.2 3 237 64 1.5
2016-02-22 08:00:00 0 8.2 81 997.5 3.2 242 66 2.61
2016-02-22 09:00:00 0 9.8 77 997.5 3.6 241 66 1.71
2016-02-22 10:00:00 0 12.5 66 997.5 6.5 258 65 1.32
2016-02-22 11:00:00 0 13.5 63 997.5 6 262 65 1.14
2016-02-22 12:00:00 0 13.6 63 997.1 6.5 271 65 0.934
2016-02-22 22:00:00 0 11 73 995.1 3 260 65 0.935
2016-02-23 00:00:00 0 10.9 72 994.6 2.9 230 68 1.66
2016-02-23 03:00:00 0 10.1 78 993.1 2 223 61 1.45
2016-02-23 04:00:00 0 9.3 82 993.1 0.2 158 62 1.79
2016-02-23 05:00:00 0 8.6 90 992.3 0.5 221 65 2.12
2016-02-23 06:00:00 0.1 8.6 89 992.5 1.5 88 64 2.35
2016-02-23 07:00:00 0 8.2 91 992.4 1.2 75 65 3.15
2016-02-23 08:00:00 0.9 9.4 87 991.9 1.2 77 59 3.07
2016-02-23 09:00:00 0 9.8 87 991.8 0.9 184 61 3.12
2016-02-23 10:00:00 0 10.8 84 992 0.5 303 61 3.09
2016-02-23 14:00:00 0 16.3 60 989.9 1.7 253 66 1.54
2016-02-23 15:00:00 0 14.3 74 989.6 2.7 319 61 0.822
2016-02-23 16:00:00 0 14.8 72 989.4 2 308 63 0.918
2016-02-23 17:00:00 0 12.7 82 989.5 1.8 264 62 1.07
2016-02-23 18:00:00 0 10.8 91 989.5 1.3 251 63 0.806
2016-02-23 19:00:00 0 10.6 93 989.4 1.4 227 62 0.939
2016-02-23 20:00:00 0 9.6 96 989 0.9 281 61 0.997
2016-02-23 21:00:00 0 9.8 95 989 1.2 283 63 1.17
2016-02-23 22:00:00 0 9.1 96 988.9 1 221 62 1.54
2016-02-23 23:00:00 0 8.7 98 989.3 0.4 299 62 1.33
2016-02-24 00:00:00 0 8.7 98 990.2 0.6 104 61 2.41
2016-02-24 03:00:00 0.5 5.9 87 994.2 2.8 42 88 0.173
2016-02-24 04:00:00 2.1 4.7 88 995.8 1.6 57 91 0.063
2016-02-24 05:00:00 1.3 3.9 92 997.5 3.1 108 88 0.0662
2016-02-24 06:00:00 0 3.4 93 998.7 2.7 106 82 0.0915
2016-02-24 07:00:00 0 3.1 95 999.9 1.1 60 75 0.211
2016-02-24 08:00:00 0 3.8 93 1000.8 1.1 56 65 0.245
2016-02-24 09:00:00 0 4.6 90 1001.2 1.9 76 65 0.346
2016-02-24 10:00:00 0 6.3 73 1001.4 0.8 103 64 0.289
2016-02-24 11:00:00 0 7 65 1001.2 1.1 113 60 0.186
2016-02-24 12:00:00 0 7.5 58 1000.5 0.9 140 63 0.188
2016-02-24 13:00:00 0 8.8 51 999.6 1.1 167 60 0.148
2016-02-24 15:00:00 0 9.3 44 998.7 1.6 152 58 0.404
2016-02-24 16:00:00 0 8.7 46 998.6 1 123 59 0.292
2016-02-24 17:00:00 0 7.4 54 998.5 1.7 86 59 0.37
2016-02-24 18:00:00 0 5.9 64 998.7 0.6 105 57 0.524
2016-02-24 19:00:00 0 3 81 998.9 0.5 9 58 0.894
2016-02-24 20:00:00 0 1.6 88 998.7 0.9 311 61 1.05
2016-02-24 21:00:00 0 0.9 89 998.6 1.5 311 59 1.22
2016-02-24 22:00:00 0 0.7 87 998.2 0.7 282 59 1.33
2016-02-24 23:00:00 0 0.4 92 998.1 1.1 293 55 1.62
2016-02-25 03:00:00 0 0.5 94 996 0.6 294 64 3
2016-02-25 04:00:00 0 0.7 96 995.4 0.5 87 64 2.88
2016-02-25 05:00:00 0 0.8 96 995.3 0.8 305 66 2.94
2016-02-25 06:00:00 0 1.3 95 994.9 0.3 204 66 2.88
2016-02-25 07:00:00 0 1.5 95 994.5 0.3 303 66 2.9
2016-02-25 08:00:00 0 2.1 89 994.7 1 219 69 3.16
2016-02-25 09:00:00 0 2.7 85 994.5 0.7 75 67 2.69
2016-02-25 12:00:00 0 5.5 73 992.7 2 240 66 1.64
2016-02-25 13:00:00 0 6.5 67 991.8 2.4 234 59 1.75
2016-02-25 23:00:00 0.4 4.7 98 992.6 1.7 65 74 1.26
2016-02-26 00:00:00 0.2 4.4 91 993.2 2.7 61 74 1.31
2016-02-26 03:00:00 0.4 2.2 93 994.5 1.9 84 66 0.631
2016-02-26 04:00:00 0.1 2 96 995 1.3 87 66 0.658
2016-02-26 05:00:00 0 1.6 97 995.4 1.1 82 68 0.789
2016-02-26 06:00:00 0 1.6 98 995.6 0.7 333 66 0.786
2016-02-26 07:00:00 0 1.8 97 996 1 10 61 1.03
2016-02-26 08:00:00 0 2.4 91 996.7 1.3 59 62 0.863
2016-02-26 09:00:00 0 2.7 89 997.1 1 58 62 0.661
2016-02-26 10:00:00 0 3.3 84 997.3 0.7 42 63 0.686
2016-02-26 11:00:00 0 4.3 75 997.1 0.3 71 62 0.511
2016-02-26 12:00:00 0 5.1 67 996.7 0.6 83 61 0.596
2016-02-26 13:00:00 0 5.3 65 996 0.8 89 59 0.647
2016-02-26 14:00:00 0 5.3 66 995.7 0.9 221 62 0.621
2016-02-26 15:00:00 0 5.7 63 995.4 0.6 176 61 0.814
2016-02-26 16:00:00 0 6.1 60 995 1.9 211 60 0.662
2016-02-26 17:00:00 0 5.2 64 995.2 1.2 232 61 0.604
2016-02-26 18:00:00 0 3.7 72 995.5 0.4 267 60 0.906
2016-02-26 19:00:00 0 1.8 89 995.6 0.9 230 62 1.14
2016-02-26 20:00:00 0 0.6 95 995.4 0.9 302 60 1.65
2016-02-26 21:00:00 0 -0.7 97 995.3 0.3 296 62 2.35
2016-02-26 22:00:00 0 -1.3 99 995.5 0.6 282 60 2.48
2016-02-26 23:00:00 0 -1.9 99 995.3 0.7 212 63 3.07
2016-02-27 00:00:00 0 -1.7 100 995.1 0.7 222 67 4.86
2016-02-27 03:00:00 0 -2.7 100 994.1 0.6 63 61 4.45
2016-02-27 04:00:00 0 -2.4 100 994.2 0.4 332 63 4.78
2016-02-27 05:00:00 0 -2.2 100 994.2 0.4 241 62 4.19
2016-02-27 06:00:00 0 -2 100 994.4 0.2 358 67 3.26
2016-02-27 07:00:00 0 -1.9 100 994.7 0.3 57 63 3.66
2016-02-27 08:00:00 0 -1.3 100 995.5 0.4 250 63 4.48
2016-02-27 09:00:00 0 -0.4 100 995.5 0.3 75 63 4.07
2016-02-27 10:00:00 0 1.3 96 995.5 0.5 209 67 3.88
2016-02-27 11:00:00 0 3.3 85 995.4 1.5 103 63 2.29
2016-02-27 12:00:00 0 5 68 995 2.5 95 64 1.79
2016-02-27 13:00:00 0 5.8 63 994.6 1.9 81 60 1.08
2016-02-27 14:00:00 0 6.9 60 994.2 1.2 111 58 1.11
2016-02-27 16:00:00 0 6.8 62 994 2 99 55 1.08
2016-02-27 17:00:00 0 6 68 994 1 67 63 1.07
2016-02-27 18:00:00 0 5.7 70 994.5 0.9 72 59 1.31
2016-02-27 19:00:00 0 4.4 83 995.2 1.1 226 64 1.65
2016-02-27 20:00:00 0 4.3 85 995.1 0.6 272 67 1.8
2016-02-27 21:00:00 0 2.9 93 995.4 1 247 63 1.93
2016-02-27 22:00:00 0 1.6 95 995.5 0.9 258 65 2.56
2016-02-27 23:00:00 0 0.7 97 995.5 0.5 277 62 4.26
2016-02-28 03:00:00 0 0.7 100 995 0.9 222 64 4.54
2016-02-28 04:00:00 0 0.7 99 995.1 0.7 234 65 4.36
2016-02-28 05:00:00 0 0.7 100 995.3 1 225 68 4.5
2016-02-28 06:00:00 0 1 99 995.3 0.7 257 67 4.53
2016-02-28 07:00:00 0 1.2 99 995.4 0.1 28 67 4.47
2016-02-28 08:00:00 0 1.8 98 995.7 0.9 235 66 4.75
2016-02-28 09:00:00 0 2.8 94 996.1 0.3 236 67 4.61
2016-02-29 09:00:00 0 7.9 89 989.8 2.7 87 72 1.2
2016-02-29 14:00:00 0 9.6 85 990.2 1.2 173 61 0.914
2016-03-01 00:00:00 0 7.3 96 990.4 1.7 284 62 2.81
2016-03-01 03:00:00 0.9 6.6 100 990.4 0.9 296 72 1.29
2016-03-01 04:00:00 1 6.5 100 990.7 0.9 231 79 2.02
2016-03-01 05:00:00 0.1 6.5 100 991.2 0.7 239 81 2.22
2016-03-01 06:00:00 0 6.4 100 991.7 0.5 308 82 2.05
2016-03-01 07:00:00 0.6 6.5 100 992.3 1.2 304 80 2.18
2016-03-01 08:00:00 0.2 6.8 100 993.3 1.4 262 85 1.96
2016-03-01 09:00:00 0.1 7.3 96 993.7 0.4 242 79 1.78
2016-03-01 10:00:00 0 8 79 994.1 2 340 72 1.59
2016-03-01 11:00:00 0 8.1 82 994.5 2 228 70 1.56
2016-03-01 12:00:00 0 7.7 85 994.7 2.1 233 71 1.46
2016-03-01 13:00:00 0.1 7.4 87 994.7 2.7 241 72 1.27
2016-03-01 14:00:00 0 7.4 86 994.5 2.2 262 73 1.33
2016-03-01 15:00:00 0 7.9 81 994.5 2.2 263 66 1.21
2016-03-01 17:00:00 0 7.4 79 994.8 1 286 61 1.67
2016-03-01 18:00:00 0 6.4 86 995.3 0.9 247 62 1.96
2016-03-01 19:00:00 0 6.2 95 996.1 1.2 255 60 1.77
2016-03-01 20:00:00 0 5.7 94 996.4 1.2 281 62 1.73
2016-03-01 21:00:00 0 5.3 96 996.6 1.3 303 61 1.87
2016-03-01 22:00:00 0 3.9 99 996.5 1.1 297 61 2.24
2016-03-01 23:00:00 0 2.7 100 996.7 0.9 286 68 2.64