date time precip temp RH press wspd wdir gamma radon
2016-02-19 00:00:00 1.1 4.2 100 994.4 1.5 257 88 5.85
2016-02-19 03:00:00 0.2 4.3 100 994.4 1.7 255 94 5.44
2016-02-19 04:00:00 0 4.3 100 994.4 0.5 190 87 5.75
2016-02-19 05:00:00 0 4.1 100 994.6 0.8 44 76 5.98
2016-02-19 06:00:00 0 4.1 100 995.3 1.3 256 73 5.79
2016-02-19 07:00:00 0.1 4.2 100 996.1 2.1 222 70 6.32
2016-02-19 08:00:00 0.1 4.7 100 997 0.4 227 74 6.41
2016-02-19 09:00:00 0.5 5.1 100 997.6 1 102 76 5.78
2016-02-19 10:00:00 0.9 5.6 99 998.2 1.3 93 83 5.14
2016-02-19 11:00:00 0.6 5.9 100 998.7 1.2 84 89 4.47
2016-02-19 12:00:00 0 6.3 98 999.1 1.7 81 84 2.91
2016-02-19 13:00:00 0.1 6.9 89 999.4 1.9 91 79 2.54
2016-02-19 15:00:00 0 6.8 91 1000.1 1.6 79 66 3.85
2016-02-19 16:00:00 0.7 6.5 93 1000.6 1.5 69 69 1.86
2016-02-19 17:00:00 0 5.6 98 1001 2.1 64 89 1.47